Source d(kpc) Lbol(Lsol) S(mJy) Force(Msol yr−1 km s−1) Refs.
J041757 0.140 0.003 0.14 ··· 79, 83, 84
J041836 0.140 0.0033 0.13 ··· 84
J041847 0.140 0.0041 0.10 ··· 84
J041938 0.140 0.0062 0.10 ··· 84
IRAM04191 0.140 0.05 0.14 1.5×10−5 70, 71, 72
L1014IRS 0.260 0.15 0.11 1.3×10−7 70, 73, 74, 75
L1148-IRS 0.140 0.13 0.080 1.0×10−7 70, 76, 77
L1521F-IRS 0.140 0.04 0.07 1.1×10−6 77, 78, 79
IC348-SMM2E 0.240 0.06 0.027 1.1×10−7 79, 80, 81, 82
HH30 0.140 0.42 0.042 7.5×10−7 85, 86, 87
L1262 0.2 1.0 0.33 4.0×10−5 47, 50, 51, 142, 46
VLA1623 0.16 1.5 0.6 4.5×10−4 16, 35
L723 0.3 2.4 0.4 3.2×10−4 10, 11, 33, 28, 132, 155
L1489 0.14 4.4 0.5 2.0×10−7 3, 4, 24, 137
B335 0.25 4 0.2 2.0×10−5 10, 12, 24, 22, 58, 140, 142
NGC2264G 0.8 5 0.3 3.0×10−3 17, 18, 36
AS353A 0.3 8.4 0.1 4.5×10−4 1, 23, 52, 12
L1448C 0.35 9 0.1 4.5×10−4 14, 15, 34
L1448N(A) 0.35 10 0.9 1.2×10−4 14, 15, 35, 129, 130, 140
RNO43 0.4 12 0.5 2.1×10−4 12, 22, 39
L483 0.2 14 0.31 1.5×10−5 47, 45, 24
L1251B 0.2 14 1.2 4.9×10−5 48, 142, 49
TTAU 0.14 17 5.8 4.1×10−5 5, 6, 25, 26, 19, 1, 27
HH111 0.46 24 0.9 5.0×10−5 20, 21, 23
IRAS16293 0.16 27 2.9 1.6×10−3 8, 9, 30, 31, 32
L1251A 0.3 27 0.47 8.6×10−5 48, 45, 49
HARO4-255FIR 0.48 28 0.2 1.3×10−4 12, 19, 37, 38
L1551-IRS5 0.14 20 0.8 1.0×10−4 1, 6, 28, 101, 102, 103
HLTAU 0.16 44 0.3 1.4×10−6 5, 19, 1, 29, 23, 7, 119
L1228 0.20 7 0.15 5.4×10−6 53, 94, 198
PVCEP 0.5 80 0.2 1.0×10−4 12, 13, 19, 27
L1641N 0.42 170 0.6 9.0×10−4 43, 37, 44, 142
FIRSSE101 0.45 123 1.1 2.0×10−3 37, 40, 41
HH7-11-VLA3 0.35 150 0.8 1.1×10−3 1, 2, 23, 69
RE50 0.46 295 0.84 3.0×10−4 42, 37, 40, 23, 41, 116
SERPENS 0.415 98 2.0 5.3×10−4 110, 111, 112, 156, 92, 93
IRAS22198 1.3 1240 0.57 2.3×10−4 88, 89
NGC2071-IRS3 0.39 520 2.9 1.5×10−2 54, 90, 91, 136
HH34 0.42 15 0.160 3.0×10−6 59, 94, 95
AF5142-CM1 2.14 10000 1.3 2.4×10−3 96, 108
AF5142-CM2 2.14 1000 0.35 2.4×10−3 96, 108
CepAHW2 0.725 10000 6.9 5.4×10−3 104, 105, 106, 107
IRAS20126 1.7 13000 0.2 6.0×10−3 152, 153, 199
HH80-81 1.7 20000 5.0 1.0×10−3 98, 113, 114, 115
V645Cyg 3.5 40000 0.6 7.0×10−4 122, 129, 137
IRAS16547 2.9 60000 8.7 4.0×10−1 149, 150, 151
IRAS18566-B 6.7 80000 0.077 7.2×10−3 99, 100, 167
IRAS04579 2.5 3910 0.15 9.0×10−4 88, 148, 194
GGD14-VLA7 0.9 1000 0.18 1.6×10−3 55, 65, 66, 67, 68, 97
IRAS23139 4.8 20000 0.53 8.0×10−4 123, 124, 125
N7538-IRS9 2.8 40000 3.8 2.1×10−2 88, 126, 127
N7538-IRS9-A1 2.8 40000 1.4 3.0×10−2 88, 126, 127
IRAS16562 1.6 70000 21.1 3.0×10−2 131, 133
I18264-1152-F 3.5 10000 0.28 1.4×10−2 99, 100, 123
G31.41 7.9 200000 0.32 6.0×10−2 134, 135, 143, 147
AF2591-VLA3 3.3 230000 1.52 7.7×10−3 121, 172, 195
I18182-1433b 4.5 20000 0.6 2.8×10−3 99, 196
I18089-1732(1)a 3.6 32000 1.1 ··· 196
G28S-JVLA1 4.8 100 0.02 ··· 197
G28N-JVLA2N 4.8 1000 0.06 ··· 197
G28N-JVLA2S 4.8 1000 0.03 ··· 197
L1287 0.85 1000 0.5 3.3×10−4 192, 193, 116, 118
DG-Tau-B 0.15 0.9 0.31 6.0×10−6 60, 61, 157, 158
Z-CMa 1.15 3000 1.74 1.0×10−4 122, 159, 160
W3IRS5(d) 1.83 200000 1.5 3.0×10−2 128, 161, 162
YLW-16A 0.16 13 0.78 3.4×10−6 137, 163
YLW-15-VLA1 0.12 1 1.5 1.1×10−5 138, 164, 165, 166
L778 0.25 0.93 0.69 1.9×10−6 4, 137, 168
W75N(B)VLA1 1.3 19000 4.0 1.2×10−2 139, 169, 170, 171, 172, 154
NGC1333-VLA2 0.235 1.5 2.5 4.9×10−4 140, 141, 173, 174, 175
NGC1333-IRAS4A1 0.235 8 0.32 1.5×10−4 140, 173, 176, 177, 178
NGC1333-IRAS4B 0.235 1.1 0.33 4.1×10−5 140, 173, 177, 178
L1551-NE-A 0.14 4.0 0.39 1.5×10−5 140, 179, 180, 181, 61, 62
Haro-6-10-VLA1 0.14 0.5 1.1 9.4×10−6 146, 12, 182, 183, 184
L1527-VLA1 0.14 1.9 1.1 1.6×10−4 144, 145, 146, 179, 184
OMC-2/3-VLA4 0.414 40 0.83 5.2×10−4 146, 185
HH1-2-VLA1 0.414 23 1.2 4.6×10−5 186, 187, 188, 109
HH1-2-VLA3 0.414 84 0.40 5.7×10−4 186, 187, 188
OMC2-VLA11 0.414 360 2.16 3.2×10−3 189, 190, 191
HH46/47 0.45 12 1.8 2.0×10−4 23, 56, 57, 117, 120
IRAS20050 0.7 260 1.4 5.0×10−3 63, 64
