Eup (K)	Ln(Nu/gu)	err(Ln(Nu/gu))
274.95355237805836	27.523262361758178	0.29042961346626484
274.9535512742321	27.89542184839067	0.2223916647428369
454.2456158837739	26.292251556160092	0.10554612386265684
454.2456158837739	26.300263461914273	0.10525703208172822
454.23949279723456	25.94516815569711	0.11405248335803862
488.02640150532466	26.00844179469505	0.11836505624560922
488.02640150532466	26.02273459305654	0.11405239915514181
505.4288443582055	25.86575059124996	0.10437367957682243
505.4288443582055	25.883847414146487	0.10436139912763305
